Liberation Mono
0-65534
196 203   0 0 1   14 14   5 16   4 8
192  41   4  10    0   0      4  -5     8  16
196  0    0  0     0   0      4  -5     8  16    32 160
194  116  2  9     -3  0      1  -5     8  16    33
187  192  4  4     -2  -6     2  -11    8  16    34
18   116  8  9     0   0      4  -5     8  16    35
14   65   6  11    -1  1      3  -4     8  16    36
26   116  8  9     0   0      4  -5     8  16    37
128  125  7  9     -1  0      3  -5     8  16    38
195  134  1  4     -3  -6     1  -11    8  16    39
85   16   4  13    -2  3      2  -2     8  16    40
97   16   3  13    -2  3      2  -2     8  16    41
51   192  5  6     -2  -4     2  -9     8  16    42
32   178  7  7     -1  -1     3  -6     8  16    43
191  192  4  4     -2  2      2  -3     8  16    44
162  15   4  1     -2  -3     2  -8     8  16    45 173
158  13   1  2     -3  0      1  -5     8  16    46
139  65   8  10    0   0      4  -5     8  16    47
189  134  6  9     -1  0      3  -5     8  16    48
191  106  5  9     -2  0      2  -5     8  16    49
0    143  6  9     -1  0      3  -5     8  16    50
6    143  6  9     -1  0      3  -5     8  16    51
12   143  6  9     -1  0      3  -5     8  16    52
18   143  6  9     -1  0      3  -5     8  16    53
24   143  6  9     -1  0      3  -5     8  16    54
30   143  6  9     -1  0      3  -5     8  16    55
36   143  6  9     -1  0      3  -5     8  16    56
42   143  6  9     -1  0      3  -5     8  16    57
195  65   1  7     -3  0      1  -5     8  16    58
192  143  4  9     -2  2      2  -3     8  16    59 894
179  178  6  7     -1  -1     3  -6     8  16    60
163  192  6  4     -1  -2     3  -7     8  16    61
185  178  6  7     -1  -1     3  -6     8  16    62
48   143  6  9     -1  0      3  -5     8  16    63
108  16   8  12    0   2      4  -3     8  16    64
34   116  8  9     0   0      4  -5     8  16    65
54   143  6  9     -1  0      3  -5     8  16    66
60   143  6  9     -1  0      3  -5     8  16    67
66   143  6  9     -1  0      3  -5     8  16    68
72   143  6  9     -1  0      3  -5     8  16    69
78   143  6  9     -1  0      3  -5     8  16    70
84   143  6  9     -1  0      3  -5     8  16    71
90   143  6  9     -1  0      3  -5     8  16    72
191  125  5  9     -2  0      2  -5     8  16    73
90   161  5  9     -1  0      3  -5     8  16    74
42   116  8  9     -1  0      3  -5     8  16    75
95   161  5  9     -2  0      2  -5     8  16    76
96   143  6  9     -1  0      3  -5     8  16    77
102  143  6  9     -1  0      3  -5     8  16    78
108  143  6  9     -1  0      3  -5     8  16    79
114  143  6  9     -1  0      3  -5     8  16    80
20   65   6  11    -1  2      3  -3     8  16    81
135  125  7  9     -1  0      3  -5     8  16    82
120  143  6  9     -1  0      3  -5     8  16    83
142  125  7  9     -1  0      3  -5     8  16    84
126  143  6  9     -1  0      3  -5     8  16    85
50   116  8  9     0   0      4  -5     8  16    86
58   116  8  9     0   0      4  -5     8  16    87
132  143  6  9     -1  0      3  -5     8  16    88
149  125  7  9     -1  0      3  -5     8  16    89
138  143  6  9     -1  0      3  -5     8  16    90
100  16   3  13    -3  3      1  -2     8  16    91
147  65   8  10    0   0      4  -5     8  16    92
103  16   3  13    -2  3      2  -2     8  16    93
6    192  8  6     0   -3     4  -8     8  16    94
151  15   8  1     0   2      4  -3     8  16    95
132  13   3  2     -3  -8     1  -13    8  16    96
167  170  8  7     0   0      4  -5     8  16    97
128  76   7  10    0   0      4  -5     8  16    98
0    185  6  7     -1  0      3  -5     8  16    99
135  76   7  10    -1  0      3  -5     8  16    100
6    185  6  7     -1  0      3  -5     8  16    101
28   96   6  10    -1  0      3  -5     8  16    102
155  65   8  10    0   3      4  -2     8  16    103
34   96   6  10    -1  0      3  -5     8  16    104
142  76   7  10    -1  0      3  -5     8  16    105
89   16   4  13    -1  3      3  -2     8  16    106
149  76   7  10    -1  0      3  -5     8  16    107
156  76   7  10    -1  0      3  -5     8  16    108
175  170  8  7     0   0      4  -5     8  16    109
39   178  7  7     0   0      4  -5     8  16    110
12   185  6  7     -1  0      3  -5     8  16    111
163  76   7  10    0   3      4  -2     8  16    112
170  76   7  10    -1  3      3  -2     8  16    113
191  170  5  7     -2  0      2  -5     8  16    114
18   185  6  7     -1  0      3  -5     8  16    115
100  161  5  9     -2  0      2  -5     8  16    116
46   178  7  7     -1  0      3  -5     8  16    117
24   185  6  7     -1  0      3  -5     8  16    118
183  170  8  7     0   0      4  -5     8  16    119
30   185  6  7     -1  0      3  -5     8  16    120
163  65   8  10    0   3      4  -2     8  16    121
36   185  6  7     -1  0      3  -5     8  16    122
50   16   6  13    -1  3      3  -2     8  16    123
106  16   1  13    -3  3      1  -2     8  16    124
56   16   6  13    -1  3      3  -2     8  16    125
143  13   6  2     -1  -4     3  -9     8  16    126
164  161  2  9     -2  2      2  -3     8  16    161
144  143  6  9     -1  0      3  -5     8  16    162
150  143  6  9     -1  0      3  -5     8  16    163
21   192  6  6     -1  -2     3  -7     8  16    164
156  125  7  9     -1  0      3  -5     8  16    165
107  16   1  13    -3  3      1  -2     8  16    166
26   65   6  11    -1  1      3  -4     8  16    167
127  15   4  1     -2  -9     2  -14    8  16    168
171  65   8  10    0   0      4  -5     8  16    169
27   192  6  6     -1  -3     3  -8     8  16    170
98   192  6  5     -1  -1     3  -6     8  16    171
169  192  6  4     -1  -1     3  -6     8  16    172
179  65   8  10    0   0      4  -5     8  16    174
188  28   8  1     0   -10    4  -15    8  16    175
0    199  4  4     -2  -5     2  -10    8  16    176
163  125  7  9     -1  0      3  -5     8  16    177
56   192  5  6     -2  -3     2  -8     8  16    178
192  185  4  6     -2  -3     2  -8     8  16    179
193  38   3  2     -3  -8     1  -13    8  16    180
177  76   7  10    -1  3      3  -2     8  16    181
32   65   6  11    -1  2      3  -3     8  16    182
141  13   1  2     -3  -4     1  -9     8  16    183
194  13   2  3     -1  3      3  -2     8  16    184
61   192  5  6     -2  -3     2  -8     8  16    185
66   192  5  6     -1  -3     3  -8     8  16    186
104  192  6  5     -1  -1     3  -6     8  16    187
66   116  8  9     0   0      4  -5     8  16    188
74   116  8  9     0   0      4  -5     8  16    189
82   116  8  9     0   0      4  -5     8  16    190
156  143  6  9     -1  2      3  -3     8  16    191
116  16   8  12    0   0      4  -5     8  16    192
124  16   8  12    0   0      4  -5     8  16    193
132  16   8  12    0   0      4  -5     8  16    194
140  16   8  12    0   0      4  -5     8  16    195
114  53   8  11    0   0      4  -5     8  16    196
122  53   8  11    0   0      4  -5     8  16    197
90   116  8  9     0   0      4  -5     8  16    198
151  29   6  12    -1  3      3  -2     8  16    199
157  29   6  12    -1  0      3  -5     8  16    200
163  29   6  12    -1  0      3  -5     8  16    201
169  29   6  12    -1  0      3  -5     8  16    202
38   65   6  11    -1  0      3  -5     8  16    203
54   53   5  12    -2  0      2  -5     8  16    204
59   53   5  12    -2  0      2  -5     8  16    205
64   53   5  12    -2  0      2  -5     8  16    206
191  53   5  11    -2  0      2  -5     8  16    207
170  125  7  9     0   0      4  -5     8  16    208
175  29   6  12    -1  0      3  -5     8  16    209
181  29   6  12    -1  0      3  -5     8  16    210
187  29   6  12    -1  0      3  -5     8  16    211
0    41   6  12    -1  0      3  -5     8  16    212
6    41   6  12    -1  0      3  -5     8  16    213
44   65   6  11    -1  0      3  -5     8  16    214
53   178  7  7     -1  -1     3  -6     8  16    215
130  53   8  11    0   1      4  -4     8  16    216
12   41   6  12    -1  0      3  -5     8  16    217
18   41   6  12    -1  0      3  -5     8  16    218
24   41   6  12    -1  0      3  -5     8  16    219
50   65   6  11    -1  0      3  -5     8  16    220
32   29   7  12    -1  0      3  -5     8  16    221
162  143  6  9     -1  0      3  -5     8  16    222
40   96   6  10    -1  0      3  -5     8  16    223
187  65   8  10    0   0      4  -5     8  16    224
0    76   8  10    0   0      4  -5     8  16    225
8    76   8  10    0   0      4  -5     8  16    226
16   76   8  10    0   0      4  -5     8  16    227
98   116  8  9     0   0      4  -5     8  16    228
138  53   8  11    0   0      4  -5     8  16    229
60   178  7  7     -1  0      3  -5     8  16    230
46   96   6  10    -1  3      3  -2     8  16    231
52   96   6  10    -1  0      3  -5     8  16    232
58   96   6  10    -1  0      3  -5     8  16    233
64   96   6  10    -1  0      3  -5     8  16    234
168  143  6  9     -1  0      3  -5     8  16    235
184  76   7  10    -1  0      3  -5     8  16    236
0    86   7  10    -1  0      3  -5     8  16    237
7    86   7  10    -1  0      3  -5     8  16    238
177  125  7  9     -1  0      3  -5     8  16    239
70   96   6  10    -1  0      3  -5     8  16    240
14   86   7  10    0   0      4  -5     8  16    241
76   96   6  10    -1  0      3  -5     8  16    242
82   96   6  10    -1  0      3  -5     8  16    243
88   96   6  10    -1  0      3  -5     8  16    244
94   96   6  10    -1  0      3  -5     8  16    245
174  143  6  9     -1  0      3  -5     8  16    246
67   178  7  7     -1  -1     3  -6     8  16    247
42   185  6  7     -1  0      3  -5     8  16    248
21   86   7  10    -1  0      3  -5     8  16    249
28   86   7  10    -1  0      3  -5     8  16    250
35   86   7  10    -1  0      3  -5     8  16    251
184  125  7  9     -1  0      3  -5     8  16    252
127  0    8  13    0   3      4  -2     8  16    253
62   16   6  13    -1  3      3  -2     8  16    254
148  16   8  12    0   3      4  -2     8  16    255
146  53   8  11    0   0      4  -5     8  16    256
106  116  8  9     0   0      4  -5     8  16    257
156  16   8  12    0   0      4  -5     8  16    258
24   76   8  10    0   0      4  -5     8  16    259
164  16   8  12    0   3      4  -2     8  16    260
32   76   8  10    0   3      4  -2     8  16    261
30   41   6  12    -1  0      3  -5     8  16    262
100  96   6  10    -1  0      3  -5     8  16    263
36   41   6  12    -1  0      3  -5     8  16    264
106  96   6  10    -1  0      3  -5     8  16    265
56   65   6  11    -1  0      3  -5     8  16    266
112  96   6  10    -1  0      3  -5     8  16    267
42   41   6  12    -1  0      3  -5     8  16    268
118  96   6  10    -1  0      3  -5     8  16    269
48   41   6  12    -1  0      3  -5     8  16    270
42   86   7  10    -1  0      3  -5     8  16    271
0    134  7  9     0   0      4  -5     8  16    272
49   86   7  10    -1  0      3  -5     8  16    273
62   65   6  11    -1  0      3  -5     8  16    274
180  143  6  9     -1  0      3  -5     8  16    275
54   41   6  12    -1  0      3  -5     8  16    276
124  96   6  10    -1  0      3  -5     8  16    277
68   65   6  11    -1  0      3  -5     8  16    278
130  96   6  10    -1  0      3  -5     8  16    279
60   41   6  12    -1  3      3  -2     8  16    280
136  96   6  10    -1  3      3  -2     8  16    281
66   41   6  12    -1  0      3  -5     8  16    282
142  96   6  10    -1  0      3  -5     8  16    283
72   41   6  12    -1  0      3  -5     8  16    284
135  0    8  13    0   3      4  -2     8  16    285
78   41   6  12    -1  0      3  -5     8  16    286
143  0    8  13    0   3      4  -2     8  16    287
74   65   6  11    -1  0      3  -5     8  16    288
151  0    8  13    0   3      4  -2     8  16    289
84   41   6  12    -1  3      3  -2     8  16    290
159  0    8  13    0   3      4  -2     8  16    291
90   41   6  12    -1  0      3  -5     8  16    292
96   41   6  12    -1  0      3  -5     8  16    293
114  116  8  9     0   0      4  -5     8  16    294
56   86   7  10    0   0      4  -5     8  16    295
69   53   5  12    -2  0      2  -5     8  16    296
63   86   7  10    -1  0      3  -5     8  16    297
104  65   5  11    -2  0      2  -5     8  16    298
7    134  7  9     -1  0      3  -5     8  16    299
74   53   5  12    -2  0      2  -5     8  16    300
70   86   7  10    -1  0      3  -5     8  16    301
79   53   5  12    -2  3      2  -2     8  16    302
8    16   7  13    -1  3      3  -2     8  16    303
109  65   5  11    -2  0      2  -5     8  16    304
74   178  7  7     -1  0      3  -5     8  16    305
186  143  6  9     -1  0      3  -5     8  16    306
191  0    5  13    -2  3      2  -2     8  16    307
102  41   6  12    -1  0      3  -5     8  16    308
68   16   6  13    -1  3      3  -2     8  16    309
172  16   8  12    -1  3      3  -2     8  16    310
15   16   7  13    -1  3      3  -2     8  16    311
81   178  7  7     -1  0      3  -5     8  16    312
84   53   5  12    -2  0      2  -5     8  16    313
39   29   7  12    -1  0      3  -5     8  16    314
89   53   5  12    -2  3      2  -2     8  16    315
22   16   7  13    -1  3      3  -2     8  16    316
105  161  5  9     -2  0      2  -5     8  16    317
40   76   8  10    -1  0      3  -5     8  16    318
110  161  5  9     -2  0      2  -5     8  16    319
77   86   7  10    -1  0      3  -5     8  16    320
0    152  6  9     -1  0      3  -5     8  16    321
84   86   7  10    -1  0      3  -5     8  16    322
108  41   6  12    -1  0      3  -5     8  16    323
91   86   7  10    0   0      4  -5     8  16    324
114  41   6  12    -1  3      3  -2     8  16    325
98   86   7  10    0   3      4  -2     8  16    326
120  41   6  12    -1  0      3  -5     8  16    327
105  86   7  10    0   0      4  -5     8  16    328
122  116  8  9     0   0      4  -5     8  16    329
14   134  7  9     0   0      4  -5     8  16    330
112  86   7  10    0   3      4  -2     8  16    331
80   65   6  11    -1  0      3  -5     8  16    332
6    152  6  9     -1  0      3  -5     8  16    333
126  41   6  12    -1  0      3  -5     8  16    334
148  96   6  10    -1  0      3  -5     8  16    335
46   29   7  12    -1  0      3  -5     8  16    336
119  86   7  10    -1  0      3  -5     8  16    337
130  116  8  9     0   0      4  -5     8  16    338
88   178  7  7     -1  0      3  -5     8  16    339
53   29   7  12    -1  0      3  -5     8  16    340
191  76   5  10    -2  0      2  -5     8  16    341
60   29   7  12    -1  3      3  -2     8  16    342
144  106  5  10    -2  3      2  -2     8  16    343
67   29   7  12    -1  0      3  -5     8  16    344
149  106  5  10    -2  0      2  -5     8  16    345
132  41   6  12    -1  0      3  -5     8  16    346
154  96   6  10    -1  0      3  -5     8  16    347
138  41   6  12    -1  0      3  -5     8  16    348
160  96   6  10    -1  0      3  -5     8  16    349
144  41   6  12    -1  3      3  -2     8  16    350
166  96   6  10    -1  3      3  -2     8  16    351
150  41   6  12    -1  0      3  -5     8  16    352
172  96   6  10    -1  0      3  -5     8  16    353
74   29   7  12    -1  3      3  -2     8  16    354
94   53   5  12    -2  3      2  -2     8  16    355
81   29   7  12    -1  0      3  -5     8  16    356
48   76   8  10    -1  0      3  -5     8  16    357
21   134  7  9     -1  0      3  -5     8  16    358
115  161  5  9     -2  0      2  -5     8  16    359
156  41   6  12    -1  0      3  -5     8  16    360
126  86   7  10    -1  0      3  -5     8  16    361
86   65   6  11    -1  0      3  -5     8  16    362
28   134  7  9     -1  0      3  -5     8  16    363
162  41   6  12    -1  0      3  -5     8  16    364
133  86   7  10    -1  0      3  -5     8  16    365
168  41   6  12    -1  0      3  -5     8  16    366
170  53   7  11    -1  0      3  -5     8  16    367
88   29   7  12    -1  0      3  -5     8  16    368
140  86   7  10    -1  0      3  -5     8  16    369
174  41   6  12    -1  3      3  -2     8  16    370
147  86   7  10    -1  3      3  -2     8  16    371
180  16   8  12    0   0      4  -5     8  16    372
56   76   8  10    0   0      4  -5     8  16    373
95   29   7  12    -1  0      3  -5     8  16    374
167  0    8  13    0   3      4  -2     8  16    375
177  53   7  11    -1  0      3  -5     8  16    376
180  41   6  12    -1  0      3  -5     8  16    377
178  96   6  10    -1  0      3  -5     8  16    378
92   65   6  11    -1  0      3  -5     8  16    379
184  96   6  10    -1  0      3  -5     8  16    380
186  41   6  12    -1  0      3  -5     8  16    381
190  96   6  10    -1  0      3  -5     8  16    382
174  106  4  10    -3  0      1  -5     8  16    383
99   53   5  12    -2  3      2  -2     8  16    402
154  53   8  11    0   0      4  -5     8  16    506
102  29   7  12    -1  0      3  -5     8  16    507
188  16   8  12    0   0      4  -5     8  16    508
154  86   7  10    -1  0      3  -5     8  16    509
175  0    8  13    0   1      4  -4     8  16    510
0    106  6  10    -1  0      3  -5     8  16    511
0    53   6  12    -1  3      3  -2     8  16    536
6    106  6  10    -1  3      3  -2     8  16    537
109  29   7  12    -1  3      3  -2     8  16    538
104  53   5  12    -2  3      2  -2     8  16    539
192  51   4  2     -2  -8     2  -13    8  16    710
191  196  4  2     -2  -8     2  -13    8  16    711
148  28   4  1     -2  -9     2  -14    8  16    713
187  196  4  2     -2  -8     2  -13    8  16    728
166  15   1  1     -4  -9     0  -14    8  16    729
191  13   3  3     -3  -8     1  -13    8  16    730
173  13   2  3     -3  3      1  -2     8  16    731
162  13   5  2     -2  -8     2  -13    8  16    732
135  13   6  2     -1  -8     3  -13    8  16    733
149  13   2  2     -3  -8     1  -13    8  16    900
127  13   5  2     -1  -8     3  -13    8  16    901
138  116  8  9     0   0      4  -5     8  16    902
142  13   1  2     -3  -3     1  -8     8  16    903
182  106  9  9     1   0      5  -5     8  16    904
35   134  7  9     0   0      4  -5     8  16    905
146  116  8  9     0   0      4  -5     8  16    906
154  116  8  9     1   0      5  -5     8  16    908
162  116  8  9     0   0      4  -5     8  16    910
42   134  7  9     0   0      4  -5     8  16    911
12   106  6  10    -2  0      2  -5     8  16    912
170  116  8  9     0   0      4  -5     8  16    913
12   152  6  9     -1  0      3  -5     8  16    914
120  161  5  9     -2  0      2  -5     8  16    915
178  116  8  9     0   0      4  -5     8  16    916
18   152  6  9     -1  0      3  -5     8  16    917
24   152  6  9     -1  0      3  -5     8  16    918
30   152  6  9     -1  0      3  -5     8  16    919
36   152  6  9     -1  0      3  -5     8  16    920
125  161  5  9     -2  0      2  -5     8  16    921
186  116  8  9     -1  0      3  -5     8  16    922
0    125  8  9     0   0      4  -5     8  16    923
42   152  6  9     -1  0      3  -5     8  16    924
48   152  6  9     -1  0      3  -5     8  16    925
54   152  6  9     -1  0      3  -5     8  16    926
60   152  6  9     -1  0      3  -5     8  16    927
66   152  6  9     -1  0      3  -5     8  16    928
72   152  6  9     -1  0      3  -5     8  16    929
78   152  6  9     -1  0      3  -5     8  16    931
49   134  7  9     -1  0      3  -5     8  16    932
56   134  7  9     -1  0      3  -5     8  16    933
63   134  7  9     -1  0      3  -5     8  16    934
84   152  6  9     -1  0      3  -5     8  16    935
70   134  7  9     -1  0      3  -5     8  16    936
90   152  6  9     -1  0      3  -5     8  16    937
114  65   5  11    -2  0      2  -5     8  16    938
184  53   7  11    -1  0      3  -5     8  16    939
161  86   7  10    -1  0      3  -5     8  16    940
18   106  6  10    -1  0      3  -5     8  16    941
29   16   7  13    0   3      4  -2     8  16    942
24   106  6  10    -2  0      2  -5     8  16    943
30   106  6  10    -1  0      3  -5     8  16    944
95   178  7  7     -1  0      3  -5     8  16    945
74   16   6  13    -1  3      3  -2     8  16    946
36   106  6  10    -1  3      3  -2     8  16    947
42   106  6  10    -1  0      3  -5     8  16    948
48   185  6  7     -1  0      3  -5     8  16    949
6    53   6  12    -1  2      3  -3     8  16    950
168  86   7  10    0   3      4  -2     8  16    951
48   106  6  10    -1  0      3  -5     8  16    952
54   185  6  7     -2  0      2  -5     8  16    953
102  178  7  7     -1  0      3  -5     8  16    954
64   76   8  10    0   0      4  -5     8  16    955
175  86   7  10    -1  3      3  -2     8  16    956
60   185  6  7     -1  0      3  -5     8  16    957
12   53   6  12    -1  2      3  -3     8  16    958
66   185  6  7     -1  0      3  -5     8  16    959
0    178  8  7     0   0      4  -5     8  16    960
54   106  6  10    -1  3      3  -2     8  16    961
96   152  6  9     -1  2      3  -3     8  16    962
109  178  7  7     -1  0      3  -5     8  16    963
72   185  6  7     -1  0      3  -5     8  16    964
78   185  6  7     -1  0      3  -5     8  16    965
0    65   7  11    -1  3      3  -2     8  16    966
72   76   8  10    0   3      4  -2     8  16    967
116  29   7  12    -1  3      3  -2     8  16    968
116  178  7  7     -1  0      3  -5     8  16    969
102  152  6  9     -2  0      2  -5     8  16    970
108  152  6  9     -1  0      3  -5     8  16    971
60   106  6  10    -1  0      3  -5     8  16    972
66   106  6  10    -1  0      3  -5     8  16    973
182  86   7  10    -1  0      3  -5     8  16    974
18   53   6  12    -1  0      3  -5     8  16    1024
98   65   6  11    -1  0      3  -5     8  16    1025
77   134  7  9     0   0      4  -5     8  16    1026
109  53   5  12    -2  0      2  -5     8  16    1027
114  152  6  9     -1  0      3  -5     8  16    1028
120  152  6  9     -1  0      3  -5     8  16    1029
130  161  5  9     -2  0      2  -5     8  16    1030
119  65   5  11    -2  0      2  -5     8  16    1031
135  161  5  9     -1  0      3  -5     8  16    1032
84   134  7  9     0   0      4  -5     8  16    1033
91   134  7  9     -1  0      3  -5     8  16    1034
98   134  7  9     0   0      4  -5     8  16    1035
123  29   7  12    -1  0      3  -5     8  16    1036
24   53   6  12    -1  0      3  -5     8  16    1037
130  29   7  12    -1  0      3  -5     8  16    1038
30   53   6  12    -1  3      3  -2     8  16    1039
8    125  8  9     0   0      4  -5     8  16    1040
126  152  6  9     -1  0      3  -5     8  16    1041
132  152  6  9     -1  0      3  -5     8  16    1042
140  161  5  9     -2  0      2  -5     8  16    1043
0    29   8  12    0   3      4  -2     8  16    1044
138  152  6  9     -1  0      3  -5     8  16    1045
105  134  7  9     -1  0      3  -5     8  16    1046
144  152  6  9     -1  0      3  -5     8  16    1047
150  152  6  9     -1  0      3  -5     8  16    1048
36   53   6  12    -1  0      3  -5     8  16    1049
112  134  7  9     -1  0      3  -5     8  16    1050
119  134  7  9     0   0      4  -5     8  16    1051
156  152  6  9     -1  0      3  -5     8  16    1052
162  152  6  9     -1  0      3  -5     8  16    1053
168  152  6  9     -1  0      3  -5     8  16    1054
174  152  6  9     -1  0      3  -5     8  16    1055
180  152  6  9     -1  0      3  -5     8  16    1056
186  152  6  9     -1  0      3  -5     8  16    1057
126  134  7  9     -1  0      3  -5     8  16    1058
133  134  7  9     -1  0      3  -5     8  16    1059
140  134  7  9     -1  0      3  -5     8  16    1060
0    161  6  9     -1  0      3  -5     8  16    1061
137  29   7  12    -1  3      3  -2     8  16    1062
6    161  6  9     -1  0      3  -5     8  16    1063
147  134  7  9     -1  0      3  -5     8  16    1064
8    29   8  12    -1  3      3  -2     8  16    1065
154  134  7  9     0   0      4  -5     8  16    1066
12   161  6  9     -1  0      3  -5     8  16    1067
18   161  6  9     -1  0      3  -5     8  16    1068
24   161  6  9     -1  0      3  -5     8  16    1069
30   161  6  9     -1  0      3  -5     8  16    1070
161  134  7  9     0   0      4  -5     8  16    1071
8    178  8  7     0   0      4  -5     8  16    1072
72   106  6  10    -1  0      3  -5     8  16    1073
84   185  6  7     -1  0      3  -5     8  16    1074
191  178  5  7     -2  0      2  -5     8  16    1075
189  86   7  10    0   3      4  -2     8  16    1076
90   185  6  7     -1  0      3  -5     8  16    1077
123  178  7  7     -1  0      3  -5     8  16    1078
96   185  6  7     -1  0      3  -5     8  16    1079
102  185  6  7     -1  0      3  -5     8  16    1080
78   106  6  10    -1  0      3  -5     8  16    1081
108  185  6  7     -1  0      3  -5     8  16    1082
130  178  7  7     0   0      4  -5     8  16    1083
190  161  6  8     -1  1      3  -4     8  16    1084
114  185  6  7     -1  0      3  -5     8  16    1085
120  185  6  7     -1  0      3  -5     8  16    1086
126  185  6  7     -1  0      3  -5     8  16    1087
0    96   7  10    0   3      4  -2     8  16    1088
132  185  6  7     -1  0      3  -5     8  16    1089
137  178  7  7     -1  0      3  -5     8  16    1090
80   76   8  10    0   3      4  -2     8  16    1091
36   16   7  13    -1  3      3  -2     8  16    1092
138  185  6  7     -1  0      3  -5     8  16    1093
7    96   7  10    -1  3      3  -2     8  16    1094
144  185  6  7     -1  0      3  -5     8  16    1095
144  178  7  7     -1  0      3  -5     8  16    1096
88   76   8  10    -1  3      3  -2     8  16    1097
151  178  7  7     0   0      4  -5     8  16    1098
150  185  6  7     -1  0      3  -5     8  16    1099
156  185  6  7     -1  0      3  -5     8  16    1100
162  185  6  7     -1  0      3  -5     8  16    1101
16   178  8  7     0   0      4  -5     8  16    1102
158  178  7  7     0   0      4  -5     8  16    1103
84   106  6  10    -1  0      3  -5     8  16    1104
36   161  6  9     -1  0      3  -5     8  16    1105
43   16   7  13    0   3      4  -2     8  16    1106
154  106  5  10    -2  0      2  -5     8  16    1107
168  185  6  7     -1  0      3  -5     8  16    1108
174  185  6  7     -1  0      3  -5     8  16    1109
14   96   7  10    -1  0      3  -5     8  16    1110
168  134  7  9     -1  0      3  -5     8  16    1111
93   16   4  13    -1  3      3  -2     8  16    1112
24   178  8  7     0   0      4  -5     8  16    1113
165  178  7  7     -1  0      3  -5     8  16    1114
21   96   7  10    0   0      4  -5     8  16    1115
90   106  6  10    -1  0      3  -5     8  16    1116
96   106  6  10    -1  0      3  -5     8  16    1117
183  0    8  13    0   3      4  -2     8  16    1118
102  106  6  10    -1  3      3  -2     8  16    1119
124  65   5  11    -2  0      2  -5     8  16    1168
159  106  5  10    -2  0      2  -5     8  16    1169
16   29   8  12    0   0      4  -5     8  16    7808
96   76   8  10    0   0      4  -5     8  16    7809
24   29   8  12    0   0      4  -5     8  16    7810
104  76   8  10    0   0      4  -5     8  16    7811
162  53   8  11    0   0      4  -5     8  16    7812
16   125  8  9     0   0      4  -5     8  16    7813
144  29   7  12    -1  0      3  -5     8  16    7922
0    16   8  13    0   3      4  -2     8  16    7923
152  28   4  1     -2  -3     2  -8     8  16    8208
140  28   4  1     -2  -3     2  -8     8  16    8209
143  15   6  1     -1  -3     3  -8     8  16    8211
180  28   8  1     0   -3     4  -8     8  16    8212
172  28   8  1     0   -3     4  -8     8  16    8213
183  13   8  3     0   4      4  -1     8  16    8215
20   199  3  4     -3  -6     1  -11    8  16    8216
4    199  4  4     -3  -6     1  -11    8  16    8217
8    199  4  4     -2  2      2  -3     8  16    8218
23   199  3  4     -3  -6     1  -11    8  16    8219
175  192  6  4     -1  -6     3  -11    8  16    8220
149  192  7  4     -1  -6     3  -11    8  16    8221
156  192  7  4     -1  2      3  -3     8  16    8222
129  65   5  11    -1  1      3  -4     8  16    8224
134  65   5  11    -1  1      3  -4     8  16    8225
12   199  4  4     -2  -3     2  -8     8  16    8226
151  13   7  2     0   0      4  -5     8  16    8230
0    116  9  9     1   0      5  -5     8  16    8240
195  138  1  4     -3  -6     1  -11    8  16    8242
16   199  4  4     -2  -6     2  -11    8  16    8243
127  192  3  5     -2  -1     2  -6     8  16    8249
130  192  3  5     -3  -1     1  -6     8  16    8250
145  161  5  9     -2  0      2  -5     8  16    8252
164  28   8  1     0   -9     4  -14    8  16    8254
24   125  8  9     0   0      4  -5     8  16    8260 8725
122  192  5  5     -1  -4     3  -9     8  16    8319
175  134  7  9     0   0      4  -5     8  16    8355
42   161  6  9     -1  0      3  -5     8  16    8356
32   125  8  9     0   0      4  -5     8  16    8359
48   161  6  9     -1  0      3  -5     8  16    8364
40   125  8  9     0   0      4  -5     8  16    8453
164  106  5  10    -1  0      3  -5     8  16    8467
48   125  8  9     0   0      4  -5     8  16    8470
133  192  8  4     0   -6     4  -11    8  16    8482
54   161  6  9     -1  0      3  -5     8  16    8486
180  185  6  7     -1  0      3  -5     8  16    8494
56   125  8  9     0   0      4  -5     8  16    8539
64   125  8  9     0   0      4  -5     8  16    8540
72   125  8  9     0   0      4  -5     8  16    8541
80   125  8  9     0   0      4  -5     8  16    8542
71   192  9  5     0   -1     4  -6     8  16    8592
158  170  3  8     -3  0      1  -5     8  16    8593
80   192  9  5     0   -1     4  -6     8  16    8594
161  170  3  8     -3  0      1  -5     8  16    8595
89   192  9  5     0   -1     4  -6     8  16    8596
164  170  3  8     -3  0      1  -5     8  16    8597
193  29   3  9     -3  1      1  -4     8  16    8616
108  106  6  10    -1  0      3  -5     8  16    8706
88   125  8  9     0   0      4  -5     8  16    8710
42   53   6  12    -1  3      3  -2     8  16    8719
48   53   6  12    -1  3      3  -2     8  16    8721
135  15   6  1     -1  -4     3  -9     8  16    8722
195  72   1  2     -3  -4     1  -9     8  16    8729
7    65   7  11    -1  0      3  -5     8  16    8730
14   192  7  6     -1  -1     3  -6     8  16    8734
166  161  8  8     0   0      4  -5     8  16    8735
186  185  6  7     -1  0      3  -5     8  16    8745
80   16   5  13    -1  3      3  -2     8  16    8747
110  192  6  5     -1  -2     3  -7     8  16    8776
123  170  6  8     -1  0      3  -5     8  16    8800
116  192  6  5     -1  -2     3  -7     8  16    8801
182  134  7  9     0   0      4  -5     8  16    8804
60   161  6  9     -1  0      3  -5     8  16    8805
0    192  6  7     -1  0      3  -5     8  16    8962
181  192  6  4     -1  -1     3  -6     8  16    8976
120  0    3  16    -4  4      0  -1     8  16    8992
123  0    3  16    -2  4      2  -1     8  16    8993
156  28   8  1     0   -4     4  -9     8  16    9472
126  0    1  16    -4  4      0  -1     8  16    9474
192  152  4  9     -4  4      0  -1     8  16    9484
150  161  5  9     0   4      4  -1     8  16    9488
146  170  4  8     -4  -4     0  -9     8  16    9492
141  170  5  8     0   -4     4  -9     8  16    9496
100  0    4  16    -4  4      0  -1     8  16    9500
90   0    5  16    0   4      4  -1     8  16    9508
96   125  8  9     0   4      4  -1     8  16    9516
174  161  8  8     0   -4     4  -9     8  16    9524
18   0    8  16    0   4      4  -1     8  16    9532
175  13   8  3     0   -3     4  -8     8  16    9552
104  0    4  16    -2  4      2  -1     8  16    9553
178  106  4  10    -4  4      0  -1     8  16    9554
66   161  6  9     -2  4      2  -1     8  16    9555
114  106  6  10    -2  4      2  -1     8  16    9556
169  106  5  10    0   4      4  -1     8  16    9557
72   161  6  9     0   4      4  -1     8  16    9558
120  106  6  10    0   4      4  -1     8  16    9559
160  161  4  9     -4  -3     0  -8     8  16    9560
129  170  6  8     -2  -4     2  -9     8  16    9561
78   161  6  9     -2  -3     2  -8     8  16    9562
155  161  5  9     0   -3     4  -8     8  16    9563
135  170  6  8     0   -4     4  -9     8  16    9564
84   161  6  9     0   -3     4  -8     8  16    9565
108  0    4  16    -4  4      0  -1     8  16    9566
66   0    6  16    -2  4      2  -1     8  16    9567
72   0    6  16    -2  4      2  -1     8  16    9568
95   0    5  16    0   4      4  -1     8  16    9569
78   0    6  16    0   4      4  -1     8  16    9570
84   0    6  16    0   4      4  -1     8  16    9571
112  76   8  10    0   4      4  -1     8  16    9572
104  125  8  9     0   4      4  -1     8  16    9573
120  76   8  10    0   4      4  -1     8  16    9574
112  125  8  9     0   -3     4  -8     8  16    9575
182  161  8  8     0   -4     4  -9     8  16    9576
120  125  8  9     0   -3     4  -8     8  16    9577
26   0    8  16    0   4      4  -1     8  16    9578
34   0    8  16    0   4      4  -1     8  16    9579
42   0    8  16    0   4      4  -1     8  16    9580
0    170  8  8     0   -4     4  -9     8  16    9600
8    170  8  8     0   4      4  -1     8  16    9604
50   0    8  16    0   4      4  -1     8  16    9608
112  0    4  16    0   4      4  -1     8  16    9612
116  0    4  16    -4  4      0  -1     8  16    9616
58   0    8  16    0   4      4  -1     8  16    9617
0    0    9  16    0   4      4  -1     8  16    9618
9    0    9  16    0   4      4  -1     8  16    9619
172  178  7  7     -1  -1     3  -6     8  16    9632
16   170  8  8     0   0      4  -5     8  16    9633
167  13   3  3     -2  -3     2  -8     8  16    9642
170  13   3  3     -2  -3     2  -8     8  16    9643
141  192  8  4     0   0      4  -5     8  16    9644
24   170  8  8     0   0      4  -5     8  16    9650
32   170  8  8     0   0      4  -5     8  16    9658
40   170  8  8     0   0      4  -5     8  16    9660
48   170  8  8     0   0      4  -5     8  16    9668
126  106  6  10    -1  0      3  -5     8  16    9674
33   192  6  6     -1  -1     3  -6     8  16    9675
39   192  6  6     -1  -1     3  -6     8  16    9679
56   170  8  8     0   0      4  -5     8  16    9688
64   170  8  8     0   0      4  -5     8  16    9689
159  13   3  3     -2  -3     2  -8     8  16    9702
72   170  8  8     0   0      4  -5     8  16    9786
80   170  8  8     0   0      4  -5     8  16    9787
9    116  9  9     1   2      5  -3     8  16    9788
150  170  4  8     -2  0      2  -5     8  16    9792
45   192  6  6     -1  -1     3  -6     8  16    9794
88   170  7  8     0   0      4  -5     8  16    9824
95   170  7  8     0   0      4  -5     8  16    9827
102  170  7  8     0   0      4  -5     8  16    9829
109  170  7  8     0   0      4  -5     8  16    9830
154  170  4  8     -2  0      2  -5     8  16    9834
116  170  7  8     -1  0      3  -5     8  16    9835
132  106  6  10    -1  0      3  -5     8  16    64257
138  106  6  10    -1  0      3  -5     8  16    64258
